0 1.500000000000
1 0.070737201668
2 0.997499167207
3 0.542404992339
4 0.856469708947
5 0.655108801781
6 0.792981645797
7 0.701724168277
8 0.763730311291
9 0.722261082135
10 0.750312885710
11 0.731475558035
12 0.744189586631
13 0.735637098349
14 0.741403372909
15 0.737521554462
16 0.740137474793
17 0.738375854160
18 0.739562726170
19 0.738763336577
20 0.739301861031
21 0.738939125395
22 0.739183477961
23 0.739018883437
24 0.739129758240
25 0.739055072525
26 0.739105382123
27 0.739071493155
28 0.739094321255
29 0.739078944010
30 0.739089302324
31 0.739082324847
32 0.739087024963
33 0.739083858910
34 0.739085991602
35 0.739084554995
36 0.739085522711
37 0.739084870846
38 0.739085309950
39 0.739085014164
40 0.739085213409
41 0.739085079195
42 0.739085169603
43 0.739085108704
44 0.739085149726
45 0.739085122093
46 0.739085140707
47 0.739085128168
48 0.739085136615
49 0.739085130925
50 0.739085134758
51 0.739085132176
52 0.739085133915
53 0.739085132744
54 0.739085133533
55 0.739085133001
56 0.739085133359
57 0.739085133118
58 0.739085133281
59 0.739085133171
