0 0.750000000000
1 0.731688868874
2 0.744047084789
3 0.735733618187
4 0.741338598888
5 0.737565296339
6 0.740108059615
7 0.738395691126
8 0.739549374008
9 0.738772335400
10 0.739295801426
11 0.738943208175
12 0.739180728186
13 0.739020735916
14 0.739128510478
15 0.739055913074
16 0.739104815938
17 0.739071874553
18 0.739094064345
19 0.739079117069
20 0.739089185750
21 0.739082403373
22 0.739086972067
23 0.739083894541
24 0.739085967600
25 0.739084571163
26 0.739085511820
27 0.739084878182
28 0.739085305008
29 0.739085017493
30 0.739085211167
31 0.739085080706
32 0.739085168586
33 0.739085109389
34 0.739085149265
35 0.739085122404
36 0.739085140498
37 0.739085128310
38 0.739085136520
39 0.739085130989
40 0.739085134715
41 0.739085132205
42 0.739085133896
43 0.739085132757
44 0.739085133524
45 0.739085133007
46 0.739085133355
47 0.739085133121
48 0.739085133279
49 0.739085133172
